455
650
26
464
26
750
490
520
399
390
750
455
104
260
26
438
633
455
195
516
598
481
299
724
243
26
533
455
572
208
520
130
455
26
650
581
412
559
260
455
637
750
130
338
321
26
555
26
338
611
65
26
490
195
260
390
260
455
750
399
455
429
750
416
533
533
750
273
572
273
750
130
455
325
750
455
611
750
416
269
455
542
26
130
52
260
191
438
650
737
217
308
390
529
260
546
351
78
624
243
26
321
65
412
338
130
65
650
412
130
351
130
455
117
156
520
650
78
737
351
442
750
650
321
650
282
260
468
312
117
750
451
26
412
412
750
217
260
672
750
286
750
724
750
438
533
438
260
533
750
26
260
52
455
130
585
295
26
750
516
39
260
104
373
26
572
26
438
78
390
750
390
204
650
650
572
130
260
26
130
364
611
594
260
750
503
91
672
559
455
455
260
169
750
390
299
650
516
468
598
221
26
494
273
390
594
26
390
260
399
750
195
425
26
26
351
308
230
26
607
650
637
568
390
572
65
26
273
26
165
386
750
650
130
529
182
130
130
390
234
390
650
624
438
390
373
26
26
260
750
455
546
390
26
750
412
26
26
711
429
711
195
390
611
542
390
750
412
26
490
568
481
169
260
78
711
520
195
659
26
260
442
455
247
542
26
650
750
217
672
269
750
260
39
425
26
26
39
130
520
282
299
269
750
750
750
299
685
390
39
624
533
260
455
26
208
390
338
65
130
338
750
260
477
390
52
546
455
351
546
217
221
243
390
117
260
256
390
78
737
104
143
412
750
581
585
750
130
750
390
464
650
191
26
494
425
737
477
312
26
130
221
26
529
650
611
546
750
165
334
399
650
169
312
750
325
130
52
91
26
260
750
26
455
338
273
117
650
377
542
750
390
659
26
165
672
39
390
26
390
455
568
529
312
650
455
451
403
455
26
260
26
26
156
750
750
455
555
299
260
607
455
620
390
750
260
243
295
390
455
594
546
130
260
390
260
568
650
286
243
598
607
438
308
650
455
455
130
390
260
477
481
165
130
659
650
26
91
295
52
555
650
546
390
386
737
26
390
685
130
91
477
26
455
52
685
26
130
390
390
520
143
26
455
585
455
455
646
390
750
455
390
260
542
650
91
39
390
312
26
750
260
455
442
494
416
598
260
572
455
39
65
351
611
455
230
52
750
65
273
650
724
598
568
26
26
26
455
195
117
750
750
698
390
130
130
91
182
269
750
260
26
455
750
234
650
256
325
260
26
169
542
26
455
750
442
256
611
412
130
455
412
130
165
399
260
750
477
26
130
650
425
455
455
581
464
698
425
624
26
117
598
130
529
438
559
390
130
217
468
750
750
347
308
516
260
312
52
390
230
373
390
260
191
620
52
650
130
750
750
347
585
243
490
282
282
750
325
26
273
455
377
750
507
455
455
724
390
650
221
585
442
637
295
438
520
750
425
347
247
26
750
295
698
169
130
260
520
559
455
750
91
750
347
312
260
130
321
455
26
26
442
143
750
633
26
360
607
390
737
156
26
750
750
516
191
78
455
455
156
455
360
191
455
464
130
650
507
559
546
52
26
425
390
533
260
559
650
468
230
282
750
26
555
26
568
130
533
260
455
581
750
26
260
455
659
750
191
750
650
624
451
26
26
399
390
117
503
455
78
750
659
503
494
321
256
637
26
520
520
455
347
650
750
182
455
247
659
130
386
503
260
26
572
386
529
533
750
650
195
750
477
455
650
425
130
455
243
455
26
260
585
624
546
650
416
711
555
455
455
750
594
542
282
234
230
750
750
494
26
390
455
650
221
455
390
325
650
750
143
416
26
299
130
377
26
260
750
542
130
455
750
737
390
182
347
477
78
555
442
598
351
26
503
750
39
243
455
750
26
26
130
429
455
568
130
455
26
650
650
555
438
650
416
650
243
455
260
390
650
455
130
650
555
416
724
260
130
685
650
455
542
260
130
637
425
412
390
724
26
130
529
165
26
555
321
204
390
130
195
390
26
26
260
156
260
312
130
130
338
39
390
750
451
650
130
412
390
464
455
260
130
373
230
650
286
130
442
243
26
308
390
750
26
243
26
182
685
750
26
221
321
295
585
650
364
750
659
650
711
633
26
26
347
260
750
260
624
286
260
230
260
295
442
26
130
390
243
386
26
598
325
503
130
260
364
672
429
247
273
39
117
637
260
598
750
169
130
260
286
260
260
750
750
273
182
130
260
130
412
451
191
390
438
516
130
650
750
750
26
295
390
26
26
750
390
347
377
156
78
516
594